channel   H                   channel   C                   channel   N                   channel   O                   channel   Si                  channel   Ti                  channel   Co                  channel   Cu                  
-190      0                   -190      0                   -190      0                   -190      0                   -190      0                   -190      0                   -190      0                   -190      0                   
-170      0                   -170      0                   -170      0                   -170      0                   -170      0                   -170      0                   -170      0                   -170      0                   
-150      0                   -150      0                   -150      0                   -150      0                   -150      0                   -150      0                   -150      0                   -150      0                   
-130      0                   -130      0                   -130      0                   -130      0                   -130      0                   -130      0                   -130      0                   -130      0                   
-110      0.00207417          -110      0                   -110      0                   -110      0                   -110      0                   -110      0                   -110      0                   -110      0                   
-90       0.00412544          -90       0                   -90       0                   -90       0                   -90       0                   -90       0                   -90       0                   -90       0                   
-70       0.00102857          -70       0                   -70       0                   -70       0                   -70       0                   -70       0                   -70       0                   -70       0                   
-50       0.0102506           -50       0.00099954          -50       0                   -50       0                   -50       0                   -50       0                   -50       0                   -50       0                   
-30       0.00715199          -30       0.00099954          -30       0                   -30       0                   -30       0                   -30       0                   -30       0                   -30       0                   
-10       0.0101724           -10       0.00299862          -10       0                   -10       0.00183108          -10       0                   -10       0                   -10       0.0015511           -10       0                   
10        0.0141569           10        0.00597353          10        0                   10        0.0100336           10        0                   10        0                   10        0.0221557           10        0                   
30        0.0220177           30        0.0089133           30        0.00474406          30        0.0163374           30        0                   30        0                   30        0.0512211           30        0                   
50        0.0664209           50        0.114222            50        0.0160164           50        0.0270722           50        0                   50        0                   50        0.0713295           50        0                   
70        0.138711            70        0.402563            70        0.0159329           70        0.086115            70        0                   70        0                   70        0.140388            70        0                   
90        0.240535            90        0.676153            90        0.0512562           90        0.179339            90        0                   90        0                   90        0.235302            90        0                   
110       0.229788            110       0.497802            110       0.0861173           110       0.30417             110       0                   110       0                   110       0.315044            110       0                   
130       0.19401             130       0.257982            130       0.12424             130       0.374491            130       0                   130       0                   130       0.370802            130       0                   
150       0.112634            150       0.125245            150       0.154547            150       0.442961            150       0                   150       0                   150       0.360907            150       0                   
170       0.0776049           170       0.0693356           170       0.144399            170       0.425241            170       0                   170       0                   170       0.360918            170       0                   
190       0.0805081           190       0.0405453           190       0.173147            190       0.407733            190       0                   190       0                   190       0.371687            190       0                   
210       0.0805264           210       0.0337163           210       0.181895            210       0.379986            210       0                   210       0                   210       0.374027            210       0                   
230       0.0768954           230       0.0390489           230       0.191334            230       0.409076            230       0                   230       0                   230       0.350759            230       0                   
250       0.0735096           250       0.0295522           250       0.200668            250       0.375755            250       0                   250       0                   250       0.357512            250       0                   
270       0.0716932           270       0.02477             270       0.184417            270       0.391758            270       0                   270       0                   270       0.310488            270       0                   
290       0.0604883           290       0.0255034           290       0.211908            290       0.381564            290       0                   290       0                   290       0.33805             290       0                   
310       0.0649515           310       0.02807             310       0.214791            310       0.412113            310       0                   310       0                   310       0.324053            310       0                   
330       0.0745593           330       0.0233581           330       0.207293            330       0.381228            330       0                   330       0                   330       0.29716             330       0.0552145           
350       0.0754048           350       0.024099            350       0.195535            350       0.385017            350       0                   350       0                   350       0.253915            350       0.195101            
370       0.0702635           370       0.0150644           370       0.19155             370       0.366834            370       0                   370       0                   370       0.264015            370       0.274535            
390       0.0770079           390       0.0219821           390       0.194299            390       0.361642            390       0                   390       0                   390       0.227426            390       0.293123            
410       0.0604833           410       0.0200761           410       0.186989            410       0.311764            410       0                   410       0                   410       0.21039             410       0.380368            
430       0.0630089           430       0.0164702           430       0.154089            430       0.335583            430       0                   430       0                   430       0.201123            430       0.401906            
450       0.0533504           450       0.0120349           450       0.113422            450       0.271522            450       0                   450       0                   450       0.187987            450       0.442366            
470       0.0636916           470       0.0204499           470       0.118253            470       0.244414            470       0                   470       0                   470       0.162664            470       0.495373            
490       0.0380198           490       0.0118448           490       0.0921581           490       0.218317            490       0                   490       0                   490       0.152164            490       0.516445            
510       0.0436848           510       0.00252027          510       0.0850222           510       0.208048            510       0                   510       0                   510       0.131378            510       0.560459            
530       0.0340338           530       0                   530       0.0548364           530       0.15608             530       0                   530       0                   530       0.0967652           530       0.591748            
550       0.0364457           550       0                   550       0.048091            550       0.143381            550       0                   550       0                   550       0                   550       0.6361              
570       0.0352655           570       0                   570       0.0141025           570       0.122691            570       0                   570       0                   570       0                   570       0.617761            
590       0.0122991           590       0                   590       0                   590       0.091187            590       0                   590       0                   590       0                   590       0.633113            
610       0                   610       0                   610       0                   610       0.0837306           610       0                   610       0                   610       0                   610       0.65347             
630       0                   630       0                   630       0                   630       0.0786074           630       0                   630       0                   630       0                   630       0.639301            
650       0                   650       0                   650       0                   650       0.0519171           650       0                   650       0                   650       0                   650       0.642976            
670       0                   670       0                   670       0                   670       0.0271443           670       0                   670       0                   670       0                   670       0.613744            
690       0                   690       0                   690       0                   690       0                   690       0                   690       0                   690       0                   690       0.640902            
710       0                   710       0                   710       0                   710       0                   710       0                   710       0.0032406           710       0                   710       0.666812            
730       0                   730       0                   730       0                   730       0                   730       0                   730       0.0492227           730       0                   730       0.607101            
750       0                   750       0                   750       0                   750       0                   750       0                   750       0.0532736           750       0                   750       0.605614            
770       0                   770       0                   770       0                   770       0                   770       0                   770       0.0663556           770       0                   770       0.603308            
790       0                   790       0                   790       0                   790       0                   790       0                   790       0.0888932           790       0                   790       0.602069            
810       0                   810       0                   810       0                   810       0                   810       0                   810       0.0937849           810       0                   810       0.547815            
830       0                   830       0                   830       0                   830       0                   830       0                   830       0.103337            830       0                   830       0.531761            
850       0                   850       0                   850       0                   850       0                   850       0                   850       0.114431            850       0                   850       0.496208            
870       0                   870       0                   870       0                   870       0                   870       0.0879776           870       0.130471            870       0                   870       0.47911             
890       0                   890       0                   890       0                   890       0                   890       0.154104            890       0.124033            890       0                   890       0.478666            
910       0                   910       0                   910       0                   910       0                   910       0.2032              910       0.139225            910       0                   910       0.460031            
930       0                   930       0                   930       0                   930       0                   930       0.212063            930       0.1353              930       0                   930       0.416886            
950       0                   950       0                   950       0                   950       0                   950       0.272773            950       0.133893            950       0                   950       0.407925            
970       0                   970       0                   970       0                   970       0                   970       0.319087            970       0.139439            970       0                   970       0.361826            
990       0                   990       0                   990       0                   990       0                   990       0.353807            990       0.11498             990       0                   990       0.336347            
1010      0                   1010      0                   1010      0                   1010      0                   1010      0.378692            1010      0.124164            1010      0                   1010      0.339233            
1030      0                   1030      0                   1030      0                   1030      0                   1030      0.416619            1030      0.128759            1030      0                   1030      0.318261            
1050      0                   1050      0                   1050      0                   1050      0                   1050      0.501298            1050      0.118434            1050      0                   1050      0.236448            
1070      0                   1070      0                   1070      0                   1070      0                   1070      0.526865            1070      0.112496            1070      0                   1070      0.0703132           
1090      0                   1090      0                   1090      0                   1090      0                   1090      0.549448            1090      0.105935            1090      0                   1090      0.00462401          
1110      0                   1110      0                   1110      0                   1110      0                   1110      0.570689            1110      0.0870107           1110      0                   1110      0                   
1130      0                   1130      0                   1130      0                   1130      0                   1130      0.614512            1130      0.0883397           1130      0                   1130      0                   
1150      0                   1150      0                   1150      0                   1150      0                   1150      0.633004            1150      0.0833225           1150      0                   1150      0                   
1170      0                   1170      0                   1170      0                   1170      0                   1170      0.665623            1170      0.073223            1170      0                   1170      0                   
1190      0                   1190      0                   1190      0                   1190      0                   1190      0.669241            1190      0.0677737           1190      0                   1190      0                   
1210      0                   1210      0                   1210      0                   1210      0                   1210      0.728225            1210      0.0580656           1210      0                   1210      0                   
1230      0                   1230      0                   1230      0                   1230      0                   1230      0.700453            1230      0.0489403           1230      0                   1230      0                   
1250      0                   1250      0                   1250      0                   1250      0                   1250      0.734317            1250      0.0462957           1250      0                   1250      0                   
1270      0                   1270      0                   1270      0                   1270      0                   1270      0.749529            1270      0.0509865           1270      0                   1270      0                   
1290      0                   1290      0                   1290      0                   1290      0                   1290      0.746974            1290      0.041852            1290      0                   1290      0                   
1310      0                   1310      0                   1310      0                   1310      0                   1310      0.758728            1310      0.0301924           1310      0                   1310      0                   
1330      0                   1330      0                   1330      0                   1330      0                   1330      0.757648            1330      0.0016855           1330      0                   1330      0                   
1350      0                   1350      0                   1350      0                   1350      0                   1350      0.739347            1350      0                   1350      0                   1350      0                   
1370      0                   1370      0                   1370      0                   1370      0                   1370      0.744643            1370      0                   1370      0                   1370      0                   
1390      0                   1390      0                   1390      0                   1390      0                   1390      0.734813            1390      0                   1390      0                   1390      0                   
1410      0                   1410      0                   1410      0                   1410      0                   1410      0.736998            1410      0                   1410      0                   1410      0                   
1430      0                   1430      0                   1430      0                   1430      0                   1430      0.692915            1430      0                   1430      0                   1430      0                   
1450      0                   1450      0                   1450      0                   1450      0                   1450      0.699375            1450      0                   1450      0                   1450      0                   
1470      0                   1470      0                   1470      0                   1470      0                   1470      0.726415            1470      0                   1470      0                   1470      0                   
1490      0                   1490      0                   1490      0                   1490      0                   1490      0.694451            1490      0                   1490      0                   1490      0                   
1510      0                   1510      0                   1510      0                   1510      0                   1510      0.692078            1510      0                   1510      0                   1510      0                   
1530      0                   1530      0                   1530      0                   1530      0                   1530      0.680509            1530      0                   1530      0                   1530      0                   
1550      0                   1550      0                   1550      0                   1550      0                   1550      0.672379            1550      0                   1550      0                   1550      0                   
1570      0                   1570      0                   1570      0                   1570      0                   1570      0.641341            1570      0                   1570      0                   1570      0                   
1590      0                   1590      0                   1590      0                   1590      0                   1590      0.6444              1590      0                   1590      0                   1590      0                   
1610      0                   1610      0                   1610      0                   1610      0                   1610      0.656556            1610      0                   1610      0                   1610      0                   
1630      0                   1630      0                   1630      0                   1630      0                   1630      0.617603            1630      0                   1630      0                   1630      0                   
1650      0                   1650      0                   1650      0                   1650      0                   1650      0.616324            1650      0                   1650      0                   1650      0                   
1670      0                   1670      0                   1670      0                   1670      0                   1670      0.61543             1670      0                   1670      0                   1670      0                   
1690      0                   1690      0                   1690      0                   1690      0                   1690      0.588447            1690      0                   1690      0                   1690      0                   
                                                                                                                                                                                                                                                
